DELETE from cdp_service.dwd_member_tags where dwd_cdp_member_tag_value_rule_id in (
281524153090051,
275923392593923,
275923417694211,
275923509968899,
276045857882115,
276045897662467,
276045952188419,
276045998391299,
276046512193537,
276046560362497,
276046665220097,
276046824603649,
276046883323905,
276046940012545,
276046994538497,
276213392998403,
276213495824387,
276213535670275,
276213596487683,
276213657239555,
276213713862659,
276213780971523,
276213856468995,
276217283215363,
276217337806851,
276217392267267,
276217448955907,
276217499222019,
276254629363715,
276254723735555,
276255327649795,
276263418527747,
276263418527748,
276263418527749,
276263418527750,
276264148336643,
276264592867330,
276264592867331,
276264592867332,
276264592867333,
276264592867334,
276264592867335,
276264594964481,
276264594964482,
276264594964483,
276264594964484,
276264594964485,
275923392593923,
275923417694211,
275923509968899,
276045857882115,
276045897662467,
276045952188419,
276045998391299,
276046512193537,
276046560362497,
276046665220097,
276046824603649,
276046883323905,
276046940012545,
276046994538497,
276213392998403,
276213495824387,
276213535670275,
276213596487683,
276213657239555,
276213713862659,
276213780971523,
276213856468995,
276217283215363,
276217337806851,
276217392267267,
276217448955907,
276217499222019,
276254629363715,
276254723735555,
276255327649795,
276263418527747,
276263418527748,
276263418527749,
276263418527750,
276264148336643,
276264592867330,
276264592867331,
276264592867332,
276264592867333,
276264592867334,
276264592867335,
276264594964481,
276264594964482,
276264594964483,
276264594964484,
276264594964485,
275923392593923,
275923417694211,
275923509968899,
276045857882115,
276045897662467,
276045952188419,
276045998391299,
276046512193537,
276046560362497,
276046665220097,
276046824603649,
276046883323905,
276046940012545,
276046994538497,
276213392998403,
276213495824387,
276213535670275,
276213596487683,
276213657239555,
276213713862659,
276213780971523,
276213856468995,
276217283215363,
276217337806851,
276217392267267,
276217448955907,
276217499222019,
276254629363715,
276254723735555,
276255327649795,
276263418527747,
276263418527748,
276263418527749,
276263418527750,
276264148336643,
276264592867330,
276264592867331,
276264592867332,
276264592867333,
276264592867334,
276264592867335,
276264594964481,
276264594964482,
276264594964483,
276264594964484,
276264594964485,
281524153090051,
275923392593923,
275923417694211,
275923509968899,
276045857882115,
276045897662467,
276045952188419,
276045998391299,
276046512193537,
276046560362497,
276046665220097,
276046824603649,
276046883323905,
276046940012545,
276046994538497,
276213392998403,
276213495824387,
276213535670275,
276213596487683,
276213657239555,
276213713862659,
276213780971523,
276213856468995,
276217283215363,
276217337806851,
276217392267267,
276217448955907,
276217499222019,
276254629363715,
276254723735555,
276255327649795,
276263418527747,
276263418527748,
276263418527749,
276263418527750,
276264148336643,
276264592867330,
276264592867331,
276264592867332,
276264592867333,
276264592867334,
276264592867335,
276264594964481,
276264594964482,
276264594964483,
276264594964484,
276264594964485,
275923392593923,
275923417694211,
275923509968899,
276045857882115,
276045897662467,
276045952188419,
276045998391299,
276046512193537,
276046560362497,
276046665220097,
276046824603649,
276046883323905,
276046940012545,
276046994538497,
276213392998403,
276213495824387,
276213535670275,
276213596487683,
276213657239555,
276213713862659,
276213780971523,
276213856468995,
276217283215363,
276217337806851,
276217392267267,
276217448955907,
276217499222019,
276254629363715,
276254723735555,
276255327649795,
276263418527747,
276263418527748,
276263418527749,
276263418527750,
276264148336643,
276264592867330,
276264592867331,
276264592867332,
276264592867333,
276264592867334,
276264592867335,
276264594964481,
276264594964482,
276264594964483,
276264594964484,
276264594964485,
281524153090051,
275923392593923,
275923417694211,
275923509968899,
276045857882115,
276045897662467,
276045952188419,
276045998391299,
276046512193537,
276046560362497,
276046665220097,
276046824603649,
276046883323905,
276046940012545,
276046994538497,
276213392998403,
276213495824387,
276213535670275,
276213596487683,
276213657239555,
276213713862659,
276213780971523,
276213856468995,
276217283215363,
276217337806851,
276217392267267,
276217448955907,
276217499222019,
276254629363715,
276254723735555,
276255327649795,
276263418527747,
276263418527748,
276263418527749,
276263418527750,
276264148336643,
276264592867330,
276264592867331,
276264592867332,
276264592867333,
276264592867334,
276264592867335,
276264594964481,
276264594964482,
276264594964483,
276264594964484,
276264594964485,
275923392593923,
275923417694211,
275923509968899,
276045857882115,
276045897662467,
276045952188419,
276045998391299,
276046512193537,
276046560362497,
276046665220097,
276046824603649,
276046883323905,
276046940012545,
276046994538497,
276213392998403,
276213495824387,
276213535670275,
276213596487683,
276213657239555,
276213713862659,
276213780971523,
276213856468995,
276217283215363,
276217337806851,
276217392267267,
276217448955907,
276217499222019,
276254629363715,
276254723735555,
276255327649795,
276263418527747,
276263418527748,
276263418527749,
276263418527750,
276264148336643,
276264592867330,
276264592867331,
276264592867332,
276264592867333,
276264592867334,
276264592867335,
276264594964481,
276264594964482,
276264594964483,
276264594964484,
276264594964485,
281524153090051,
275923392593923,
275923417694211,
275923509968899,
276045857882115,
276045897662467,
276045952188419,
276045998391299,
276046512193537,
276046560362497,
276046665220097,
276046824603649,
276046883323905,
276046940012545,
276046994538497,
276213392998403,
276213495824387,
276213535670275,
276213596487683,
276213657239555,
276213713862659,
276213780971523,
276213856468995,
276217283215363,
276217337806851,
276217392267267,
276217448955907,
276217499222019,
276254629363715,
276254723735555,
276255327649795,
276263418527747,
276263418527748,
276263418527749,
276263418527750,
276264148336643,
276264592867330,
276264592867331,
276264592867332,
276264592867333,
276264592867334,
276264592867335,
276264594964481,
276264594964482,
276264594964483,
276264594964484,
276264594964485,
275923392593923,
275923417694211,
275923509968899,
276045857882115,
276045897662467,
276045952188419,
276045998391299,
276046512193537,
276046560362497,
276046665220097,
276046824603649,
276046883323905,
276046940012545,
276046994538497,
276213392998403,
276213495824387,
276213535670275,
276213596487683,
276213657239555,
276213713862659,
276213780971523,
276213856468995,
276217283215363,
276217337806851,
276217392267267,
276217448955907,
276217499222019,
276254629363715,
276254723735555,
276255327649795,
276263418527747,
276263418527748,
276263418527749,
276263418527750,
276264148336643,
276264592867330,
276264592867331,
276264592867332,
276264592867333,
276264592867334,
276264592867335,
276264594964481,
276264594964482,
276264594964483,
276264594964484,
276264594964485,
281524153090051,
275923392593923,
275923417694211,
275923509968899,
276045857882115,
276045897662467,
276045952188419,
276045998391299,
276046512193537,
276046560362497,
276046665220097,
276046824603649,
276046883323905,
276046940012545,
276046994538497,
276213392998403,
276213495824387,
276213535670275,
276213596487683,
276213657239555,
276213713862659,
276213780971523,
276213856468995,
276217283215363,
276217337806851,
276217392267267,
276217448955907,
276217499222019,
276254629363715,
276254723735555,
276255327649795,
276263418527747,
276263418527748,
276263418527749,
276263418527750,
276264148336643,
276264592867330,
276264592867331,
276264592867332,
276264592867333,
276264592867334,
276264592867335,
276264594964481,
276264594964482,
276264594964483,
276264594964484,
276264594964485,
275923392593923,
275923417694211,
275923509968899,
276045857882115,
276045897662467,
276045952188419,
276045998391299,
276046512193537,
276046560362497,
276046665220097,
276046824603649,
276046883323905,
276046940012545,
276046994538497,
276213392998403,
276213495824387,
276213535670275,
276213596487683,
276213657239555,
276213713862659,
276213780971523,
276213856468995,
276217283215363,
276217337806851,
276217392267267,
276217448955907,
276217499222019,
276254629363715,
276254723735555,
276255327649795,
276263418527747,
276263418527748,
276263418527749,
276263418527750,
276264148336643,
276264592867330,
276264592867331,
276264592867332,
276264592867333,
276264592867334,
276264592867335,
276264594964481,
276264594964482,
276264594964483,
276264594964484,
276264594964485,
275923392593923,
275923417694211,
275923509968899,
276045857882115,
276045897662467,
276045952188419,
276045998391299,
276046512193537,
276046560362497,
276046665220097,
276046824603649,
276046883323905,
276046940012545,
276046994538497,
276213392998403,
276213495824387,
276213535670275,
276213596487683,
276213657239555,
276213713862659,
276213780971523,
276213856468995,
276217283215363,
276217337806851,
276217392267267,
276217448955907,
276217499222019,
276254629363715,
276254723735555,
276255327649795,
276263418527747,
276263418527748,
276263418527749,
276263418527750,
276264148336643,
276264592867330,
276264592867331,
276264592867332,
276264592867333,
276264592867334,
276264592867335,
276264594964481,
276264594964482,
276264594964483,
276264594964484,
276264594964485,
281524153090051,
275923392593923,
275923417694211,
275923509968899,
275923392593923,
275923417694211,
275923509968899,
276045857882115,
276045897662467,
276045952188419,
276045998391299,
276046512193537,
276046560362497,
276046665220097,
276046824603649,
276046883323905,
276046940012545,
276046994538497,
276213392998403,
276213495824387,
276213535670275,
276213596487683,
276213657239555,
276213713862659,
276213780971523,
276213856468995,
276217283215363,
276217337806851,
276217392267267,
276217448955907,
276217499222019,
276254629363715,
276254723735555,
276255327649795,
276263418527747,
276263418527748,
276263418527749,
276263418527750,
276264148336643,
276264592867330,
276264592867331,
276264592867332,
276264592867333,
276264592867334,
276264592867335,
276264594964481,
276264594964482,
276264594964483,
276264594964484,
276264594964485,
275923392593923,
275923417694211,
275923509968899,
276045857882115,
276045897662467,
276045952188419,
276045998391299,
276046512193537,
276046560362497,
276046665220097,
276046824603649,
276046883323905,
276046940012545,
276046994538497,
276213392998403,
276213495824387,
276213535670275,
276213596487683,
276213657239555,
276213713862659,
276213780971523,
276213856468995,
276217283215363,
276217337806851,
276217392267267,
276217448955907,
276217499222019,
276254629363715,
276254723735555,
276255327649795,
276263418527747,
276263418527748,
276263418527749,
276263418527750,
276264148336643,
276264592867330,
276264592867331,
276264592867332,
276264592867333,
276264592867334,
276264592867335,
276264594964481,
276264594964482,
276264594964483,
276264594964484,
276264594964485,
275923392593923,
275923417694211,
275923509968899,
276045857882115,
276045897662467,
276045952188419,
276045998391299,
276046512193537,
276046560362497,
276046665220097,
276046824603649,
276046883323905,
276046940012545,
276046994538497,
276213392998403,
276213495824387,
276213535670275,
276213596487683,
276213657239555,
276213713862659,
276213780971523,
276213856468995,
276217283215363,
276217337806851,
276217392267267,
276217448955907,
276217499222019,
276254629363715,
276254723735555,
276255327649795,
276263418527747,
276263418527748,
276263418527749,
276263418527750,
276264148336643,
276264592867330,
276264592867331,
276264592867332,
276264592867333,
276264592867334,
276264592867335,
276264594964481,
276264594964482,
276264594964483,
276264594964484,
276264594964485,
281524153090051,
275923392593923,
275923417694211,
275923509968899,
276045857882115,
276045897662467,
276045952188419,
276045998391299,
276046512193537,
276046560362497,
276046665220097,
276046824603649,
276046883323905,
276046940012545,
276046994538497,
275923392593923,
275923417694211,
275923509968899,
276045857882115,
276045897662467,
276045952188419,
276045998391299,
276046512193537,
276046560362497,
276046665220097,
276046824603649,
276046883323905,
276046940012545,
276046994538497,
276213392998403,
276213495824387,
276213535670275,
276213596487683,
276213657239555,
276213713862659,
276213780971523,
276213856468995,
276217283215363,
276217337806851,
276217392267267,
276217448955907,
276217499222019,
276254629363715,
276254723735555,
276255327649795,
276263418527747,
276263418527748,
276263418527749,
276263418527750,
276264148336643,
276264592867330,
276264592867331,
276264592867332,
276264592867333,
276264592867334,
276264592867335,
276264594964481,
276264594964482,
276264594964483,
276264594964484,
276264594964485,
275923392593923,
275923417694211,
275923509968899,
276045857882115,
276045897662467,
276045952188419,
276045998391299,
276046512193537,
276046560362497,
276046665220097,
276046824603649,
276046883323905,
276046940012545,
276046994538497,
276213392998403,
276213495824387,
276213535670275,
276213596487683,
276213657239555,
276213713862659,
276213780971523,
276213856468995,
276217283215363,
276217337806851,
276217392267267,
276217448955907,
276217499222019,
276254629363715,
276254723735555,
276255327649795,
276263418527747,
276263418527748,
276263418527749,
276263418527750,
276264148336643,
276264592867330,
276264592867331,
276264592867332,
276264592867333,
276264592867334,
276264592867335,
276264594964481,
276264594964482,
276264594964483,
276264594964484,
276264594964485,
275923392593923,
275923417694211,
275923509968899,
276045857882115,
276045897662467,
276045952188419,
276045998391299,
276046512193537,
276046560362497,
276046665220097,
276046824603649,
276046883323905,
276046940012545,
276046994538497,
276213392998403,
276213495824387,
276213535670275,
276213596487683,
276213657239555,
276213713862659,
276213780971523,
276213856468995,
276217283215363,
276217337806851,
276217392267267,
276217448955907,
276217499222019,
276254629363715,
276254723735555,
276255327649795,
276263418527747,
276263418527748,
276263418527749,
276263418527750,
276264148336643,
276264592867330,
276264592867331,
276264592867332,
276264592867333,
276264592867334,
276264592867335,
276264594964481,
276264594964482,
276264594964483,
276264594964484,
276264594964485,
281524153090051,
275923392593923,
275923417694211,
275923509968899,
276045857882115,
276045897662467,
276045952188419,
276045998391299,
276046512193537,
276046560362497,
276046665220097,
276046824603649,
276046883323905,
276046940012545,
276046994538497,
276213392998403,
276213495824387,
276213535670275,
276213596487683,
276213657239555,
276213713862659,
276213780971523,
276213856468995,
276217283215363,
276217337806851,
276217392267267,
276217448955907,
276217499222019,
276254629363715,
276254723735555,
276263418527747,
276263418527748,
276263418527749,
276263418527750,
276264148336643,
276264592867330,
276264592867331,
276264592867332,
276264592867333,
276264592867334,
276264592867335,
276264594964481,
276264594964482,
276264594964483,
276264594964484,
276264594964485,
275923392593923,
275923417694211,
275923509968899,
276045857882115,
276045897662467,
276045952188419,
276045998391299,
276046512193537,
276046560362497,
276046665220097,
276046824603649,
276046883323905,
276046940012545,
276046994538497,
276213392998403,
276213495824387,
276213535670275,
276213596487683,
276213657239555,
276213713862659,
276213780971523,
276213856468995,
276217283215363,
276217337806851,
276217392267267,
276217448955907,
276217499222019,
276254629363715,
276254723735555,
276255327649795,
276263418527747,
276263418527748,
276263418527749,
276263418527750,
276264148336643,
276264592867330,
276264592867331,
276264592867332,
276264592867333,
276264592867334,
276264592867335,
276264594964481,
276264594964482,
276264594964483,
276264594964484,
276264594964485,
275923392593923,
275923417694211,
275923509968899,
276045857882115,
276045897662467,
276045952188419,
276045998391299,
276046512193537,
276046560362497,
276046665220097,
276046824603649,
276046883323905,
276046940012545,
276046994538497,
276213392998403,
276213495824387,
276213535670275,
276213596487683,
276213657239555,
276213713862659,
276213780971523,
276213856468995,
276217283215363,
276217337806851,
276217392267267,
276217448955907,
276217499222019,
276254629363715,
276254723735555,
276255327649795,
276263418527747,
276263418527748,
276263418527749,
276263418527750,
276264148336643,
276264592867330,
276264592867331,
276264592867332,
276264592867333,
276264592867334,
276264592867335,
276264594964481,
276264594964482,
276264594964483,
276264594964484,
276264594964485,
275923392593923,
275923417694211,
275923509968899,
276045857882115,
276045897662467,
276045952188419,
276045998391299,
276046512193537,
276046560362497,
276046665220097,
276046824603649,
276046883323905,
276046940012545,
276046994538497,
276213392998403,
276213495824387,
276213535670275,
276213596487683,
276213657239555,
276213713862659,
276213780971523,
276213856468995,
276217283215363,
276217337806851,
276217392267267,
276217448955907,
276217499222019,
276254629363715,
276254723735555,
276255327649795,
276263418527747,
276263418527748,
276263418527749,
276263418527750,
276264148336643,
276264592867330,
276264592867331,
276264592867332,
276264592867333,
276264592867334,
276264592867335,
276264594964481,
276264594964482,
276264594964483,
276264594964484,
276264594964485,
281524153090051,
275923392593923,
275923417694211,
275923509968899,
276045857882115,
276045897662467,
276045952188419,
276045998391299,
276046512193537,
276046560362497,
276046665220097,
276046824603649,
276046883323905,
276046940012545,
276046994538497,
276213392998403,
276213495824387,
276213535670275,
276213596487683,
276213657239555,
276213713862659,
276213780971523,
276213856468995,
276217283215363,
276217337806851,
276217392267267,
276217448955907,
276217499222019,
276254723735555,
276255327649795,
276263418527747,
276263418527748,
276263418527749,
276263418527750,
276264148336643,
276264592867330,
276264592867331,
276264592867332,
276264592867333,
276264592867334,
276264592867335,
276264594964481,
276264594964482,
276264594964483,
276264594964484,
276264594964485,
275923392593923,
275923417694211,
275923509968899,
276045857882115,
276045897662467,
276045952188419,
276045998391299,
276046512193537,
276046560362497,
276046665220097,
276046824603649,
276046883323905,
276046940012545,
276046994538497,
276213392998403,
276213495824387,
276213535670275,
276213596487683,
276213657239555,
276213713862659,
276213780971523,
276213856468995,
276217283215363,
276217337806851,
276217392267267,
276217448955907,
276217499222019,
276254629363715,
276254723735555,
276255327649795,
276263418527747,
276263418527748,
276263418527749,
276263418527750,
276264148336643,
276264592867330,
276264592867331,
276264592867332,
276264592867333,
276264592867334,
276264592867335,
276264594964481,
276264594964482,
276264594964483,
276264594964484,
276264594964485,
275923392593923,
275923417694211,
275923509968899,
276045857882115,
276045897662467,
276045952188419,
276045998391299,
276046512193537,
276046560362497,
276046665220097,
276046824603649,
276046883323905,
276046940012545,
276046994538497,
276213392998403,
276213495824387,
276213535670275,
276213596487683,
276213657239555,
276213713862659,
276213780971523,
276213856468995,
276217283215363,
276217337806851,
276217392267267,
276217448955907,
276217499222019,
276254629363715,
276254723735555,
276255327649795,
276263418527747,
276263418527748,
276263418527749,
276263418527750,
276264148336643,
276264592867330,
276264592867331,
276264592867332,
276264592867333,
276264592867334,
276264592867335,
276264594964481,
276264594964482,
276264594964483,
276264594964484,
276264594964485,
275923392593923,
275923417694211,
275923509968899,
276045857882115,
276045897662467,
276045952188419,
276045998391299,
276046512193537,
276046560362497,
276046665220097,
276046824603649,
276046883323905,
276046940012545,
276046994538497,
276213392998403,
276213495824387,
276213535670275,
276213596487683,
276213657239555,
276213713862659,
276213780971523,
276213856468995,
276217283215363,
276217337806851,
276217392267267,
276217448955907,
276217499222019,
276254629363715,
276254723735555,
276255327649795,
276263418527747,
276263418527748,
276263418527749,
276263418527750,
276264148336643,
276264592867330,
276264592867331,
276264592867332,
276264592867333,
276264592867334,
276264592867335,
276264594964481,
276264594964482,
276264594964483,
276264594964484,
276264594964485,
281524153090051,
276254629363715,
275923392593923,
275923417694211,
275923509968899,
276045857882115,
276045897662467,
276045952188419,
276045998391299,
276046512193537,
276046560362497,
276046665220097,
276046824603649,
276046883323905,
276046940012545,
276046994538497,
276213392998403,
276213495824387,
276213535670275,
276213596487683,
276213657239555,
276213713862659,
276213780971523,
276213856468995,
276217283215363,
276217337806851,
276217392267267,
276217448955907,
276217499222019,
276254629363715,
276254723735555,
276255327649795,
276263418527747,
276263418527748,
276263418527749,
276263418527750,
276264148336643,
276264592867330,
276264592867331,
276264592867332,
276264592867333,
276264592867334,
276264592867335,
276264594964481,
276264594964482,
276264594964483,
276264594964484,
276264594964485,
275923392593923,
275923417694211,
275923509968899,
276045857882115,
276045897662467,
276045952188419,
276045998391299,
276046512193537,
276046560362497,
276046665220097,
276046824603649,
276046883323905,
276046940012545,
276046994538497,
276213392998403,
276213495824387,
276213535670275,
276213596487683,
276213657239555,
276213713862659,
276213780971523,
276213856468995,
276217283215363,
276217337806851,
276217392267267,
276217448955907,
276217499222019,
276254629363715,
276254723735555,
276255327649795,
276263418527747,
276263418527748,
276263418527749,
276263418527750,
276264148336643,
276264592867330,
276264592867331,
276264592867332,
276264592867333,
276264592867334,
276264592867335,
276264594964481,
276264594964482,
276264594964483,
276264594964484,
276264594964485,
275923392593923,
275923417694211,
275923509968899,
276045857882115,
276045897662467,
276045952188419,
276045998391299,
276046512193537,
276046560362497,
276046665220097,
276046824603649,
276046883323905,
276046940012545,
276046994538497,
276213392998403,
276213495824387,
276213535670275,
276213596487683,
276213657239555,
276213713862659,
276213780971523,
276213856468995,
276217283215363,
276217337806851,
276217392267267,
276217448955907,
276217499222019,
276254629363715,
276254723735555,
276255327649795,
276263418527747,
276263418527748,
276263418527749,
276263418527750,
276264148336643,
276264592867330,
276264592867331,
276264592867332,
276264592867333,
276264592867334,
276264592867335,
276264594964481,
276264594964482,
276264594964483,
276264594964484,
276264594964485,
281524153090051,
275923392593923,
275923417694211,
275923509968899,
276045857882115,
276045897662467,
276045952188419,
276045998391299,
276046512193537,
276046560362497,
276046665220097,
276046824603649,
276046883323905,
276046940012545,
276046994538497,
276213392998403,
276213495824387,
276213535670275,
276213596487683,
276213657239555,
276213713862659,
276213780971523,
276213856468995,
276217283215363,
276217337806851,
276217392267267,
276217448955907,
276217499222019,
276254629363715,
276254723735555,
276255327649795,
276263418527747,
276263418527748,
276263418527749,
276263418527750,
276264148336643,
276264592867330,
276264592867331,
276264592867332,
276264592867333,
276264592867334,
276264592867335,
276264594964481,
276264594964482,
276264594964483,
276264594964484,
276264594964485,
275923392593923,
275923417694211,
275923509968899,
276045857882115,
276045897662467,
276045952188419,
276045998391299,
276046512193537,
276046560362497,
276046665220097,
276046824603649,
276046883323905,
276046940012545,
276046994538497,
276213392998403,
276213495824387,
276213535670275,
276213596487683,
276213657239555,
276213713862659,
276213780971523,
276213856468995,
276217283215363,
276217337806851,
276217392267267,
276217448955907,
276217499222019,
276254629363715,
276254723735555,
276255327649795,
276263418527747,
276263418527748,
276263418527749,
276263418527750,
276264148336643,
276264592867330,
276264592867331,
276264592867332,
276264592867333,
276264592867334,
276264592867335,
276264594964481,
276264594964482,
276264594964483,
276264594964484,
276264594964485,
275923392593923,
275923417694211,
275923509968899,
276045857882115,
276045897662467,
276045952188419,
276045998391299,
276046512193537,
276046560362497,
276046665220097,
276046824603649,
276046883323905,
276046940012545,
276046994538497,
276213392998403,
276213495824387,
276213535670275,
276213596487683,
276213657239555,
276213713862659,
276213780971523,
276213856468995,
276217283215363,
276217337806851,
276217392267267,
276217448955907,
276217499222019,
276254629363715,
276254723735555,
276255327649795,
276263418527747,
276263418527748,
276263418527749,
276263418527750,
276264148336643,
276264592867330,
276264592867331,
276264592867332,
276264592867333,
276264592867334,
276264592867335,
276264594964481,
276264594964482,
276264594964483,
276264594964484,
276264594964485,
275923392593923,
275923417694211,
275923509968899,
276045857882115,
276045897662467,
276045952188419,
276045998391299,
276046512193537,
276046560362497,
276046665220097,
276046824603649,
276046883323905,
276046940012545,
276046994538497,
276213392998403,
276213495824387,
276213535670275,
276213596487683,
276213657239555,
276213713862659,
276213780971523,
276213856468995,
276217283215363,
276217337806851,
276217392267267,
276217448955907,
276217499222019,
276254629363715,
276254723735555,
276255327649795,
276263418527747,
276263418527748,
276263418527749,
276263418527750,
276264148336643,
276264592867330,
276264592867331,
276264592867332,
276264592867333,
276264592867334,
276264592867335,
276264594964481,
276264594964482,
276264594964483,
276264594964484,
276264594964485,
281524153090051,
275923392593923,
275923417694211,
275923509968899,
276045857882115,
276045897662467,
276045952188419,
276045998391299,
276046512193537,
276046560362497,
276046665220097,
276046824603649,
276046883323905,
276046940012545,
276046994538497,
276213392998403,
276213495824387,
276213535670275,
276213596487683,
276213657239555,
276213713862659,
276213780971523,
276213856468995,
276217283215363,
276217337806851,
276217392267267,
276217448955907,
276217499222019,
276254629363715,
276254723735555,
276255327649795,
276263418527747,
276263418527748,
276263418527749,
276263418527750,
276264148336643,
276264592867330,
276264592867331,
276264592867332,
276264592867333,
276264592867334,
276264592867335,
276264594964481,
276264594964482,
276264594964483,
276264594964484,
276264594964485,
275923392593923,
275923417694211,
275923509968899,
276045857882115,
276045897662467,
276045952188419,
276045998391299,
276046512193537,
276046560362497,
276046665220097,
276046824603649,
276046883323905,
276046940012545,
276046994538497,
276213392998403,
276213495824387,
276213535670275,
276213596487683,
276213657239555,
276213713862659,
276213780971523,
276213856468995,
276217283215363,
276217337806851,
276217392267267,
276217448955907,
276217499222019,
276254629363715,
276254723735555,
276255327649795,
276263418527747,
276263418527748,
276263418527749,
276263418527750,
276264148336643,
276264592867330,
276264592867331,
276264592867332,
276264592867333,
276264592867334,
276264592867335,
276264594964481,
276264594964482,
276264594964483,
276264594964484,
276264594964485,
275923392593923,
275923417694211,
275923509968899,
276045857882115,
276045897662467,
276045952188419,
276045998391299,
276046512193537,
276046560362497,
276046665220097,
276046824603649,
276046883323905,
276046940012545,
276046994538497,
276213392998403,
276213495824387,
276213535670275,
276213596487683,
276213657239555,
276213713862659,
276213780971523,
276213856468995,
276217283215363,
276217337806851,
276217392267267,
276217448955907,
276217499222019,
276254629363715,
276254723735555,
276255327649795,
276263418527747,
276263418527748,
276263418527749,
276263418527750,
276264148336643,
276264592867330,
276264592867331,
276264592867332,
276264592867333,
276264592867334,
276264592867335,
276264594964481,
276264594964482,
276264594964483,
276264594964484,
276264594964485,
275923392593923,
275923417694211,
275923509968899,
276045857882115,
276045897662467,
276045952188419,
276045998391299,
276046512193537,
276046560362497,
276046665220097,
276046824603649,
276046883323905,
276046940012545,
276046994538497,
276213392998403,
276213495824387,
276213535670275,
276213596487683,
276213657239555,
276213713862659,
276213780971523,
276213856468995,
276217283215363,
276217337806851,
276217392267267,
276217448955907,
276217499222019,
276254629363715,
276254723735555,
276255327649795,
276263418527747,
276263418527748,
276263418527749,
276263418527750,
276264148336643,
276264592867330,
276264592867331,
276264592867332,
276264592867333,
276264592867334,
276264592867335,
276264594964481,
276264594964482,
276264594964483,
276264594964484,
276264594964485,
281524153090051,
275923392593923,
275923417694211,
275923509968899,
276045857882115,
276045897662467,
276045952188419,
276045998391299,
276046512193537,
276046560362497,
276046665220097,
276046824603649,
276046883323905,
276046940012545,
276046994538497,
276213392998403,
276213495824387,
276213535670275,
276213596487683,
276213657239555,
276213713862659,
276213780971523,
276213856468995,
276217283215363,
276217337806851,
276217392267267,
276217448955907,
276217499222019,
276254629363715,
276254723735555,
276255327649795,
276263418527747,
276263418527748,
276263418527749,
276263418527750,
276264148336643,
276264592867330,
276264592867331,
276264592867332,
276264592867333,
276264592867334,
276264592867335,
276264594964481,
276264594964482,
276264594964483,
276264594964484,
276264594964485,
275923392593923,
275923417694211,
275923509968899,
276045857882115,
276045897662467,
276045952188419,
276045998391299,
276046512193537,
276046560362497,
276046665220097,
276046824603649,
276046883323905,
276046940012545,
276046994538497,
276213392998403,
276213495824387,
276213535670275,
276213596487683,
276213657239555,
276213713862659,
276213780971523,
276213856468995,
276217283215363,
276217337806851,
276217392267267,
276217448955907,
276217499222019,
276254629363715,
276254723735555,
276255327649795,
276263418527747,
276263418527748,
276263418527749,
276263418527750,
276264148336643,
276264592867330,
276264592867331,
276264592867332,
276264592867333,
276264592867334,
276264592867335,
276264594964481,
276264594964482,
276264594964483,
276264594964484,
276264594964485,
275923392593923,
275923417694211,
275923509968899,
276045857882115,
276045897662467,
276045952188419,
276045998391299,
276046512193537,
276046560362497,
276046665220097,
276046824603649,
276046883323905,
276046940012545,
276046994538497,
276213392998403,
276213495824387,
276213535670275,
276213596487683,
276213657239555,
276213713862659,
276213780971523,
276213856468995,
276217283215363,
276217337806851,
276217392267267,
276217448955907,
276217499222019,
276254629363715,
276254723735555,
276255327649795,
276263418527747,
276263418527748,
276263418527749,
276263418527750,
276264148336643,
276264592867330,
276264592867331,
276264592867332,
276264592867333,
276264592867334,
276264592867335,
276264594964481,
276264594964482,
276264594964483,
276264594964484,
276264594964485,
275923392593923,
275923417694211,
275923509968899,
276045857882115,
276045897662467,
276045952188419,
276045998391299,
276046512193537,
276046560362497,
276046665220097,
276046824603649,
276046883323905,
276046940012545,
276046994538497,
276213392998403,
276213495824387,
276213535670275,
276213596487683,
276213657239555,
276213713862659,
276213780971523,
276213856468995,
276217283215363,
276217337806851,
276217392267267,
276217448955907,
276217499222019,
276254629363715,
276254723735555,
276255327649795,
276263418527747,
276263418527748,
276263418527749,
276263418527750,
276264148336643,
276264592867330,
276264592867331,
276264592867332,
276264592867333,
276264592867334,
276264592867335,
276264594964481,
276264594964482,
276264594964483,
276264594964484,
276264594964485
)